ID=0+1
BGRG=0.990234
BG=0.636030+0.693519+0.366150+0.435650+0.445630+0.304300+0.560000+0.440640
RG=0.524100+0.485780+0.853950+0.684480+0.644680+1.055850+0.594740+0.664580