ID=2+3
BGRG=0.990234
BG=0.742210+0.828801+0.397358+0.498575+0.500129+0.323201+0.639577+0.499352
RG=0.470588+0.431790+0.758238+0.568071+0.526703+0.939539+0.507640+0.547387