ID=0+1
BGRG=0.990234
BG=0.639250+0.692049+0.366188+0.431087+0.416097+0.302108+0.564780+0.423592
RG=0.436805+0.413309+0.704531+0.557833+0.499841+0.879371+0.490309+0.528837