ID=2+3
BGRG=0.990234
BG=0.789995+0.853861+0.458371+0.548358+0.548474+0.385859+0.692342+0.548416
RG=0.469734+0.434539+0.799962+0.642712+0.597703+1.000265+0.524206+0.620207